                  Temp     Hi    Low   Out    Dew  Wind  Wind   Wind    Hi    Hi   Wind   Heat    THW                Rain    Heat    Cool    In     In    In     In     In   In Air  Wind  Wind    ISS   Arc.
  Date    Time     Out   Temp   Temp   Hum    Pt. Speed   Dir    Run Speed   Dir  Chill  Index  Index   Bar    Rain  Rate    D-D     D-D    Temp   Hum    Dew   Heat    EMC Density  Samp   Tx   Recept  Int.
---------------------------------------------------------------------------------------------------------------------------------------------------------------------------------------------------------------
29/09/26   1:00   21.7   21.7   21.6    95   20.9   0.0   ---   0.00   0.0   ---   21.7   23.2   23.2  ------  0.00   0.0   0.000   0.141   27.5    65   20.3   29.2  11.72  11.72   1401    1    100.0   60 
29/09/26   2:00   21.6   21.8   21.5    96   20.9   0.0   ---   0.00   0.0   ---   21.6   23.1   23.1  ------  0.20   0.0   0.000   0.137   27.2    67   20.6   29.0  12.13  12.13   1399    1    100.0   60 
29/09/26   3:00   21.2   21.6   21.2    96   20.6   0.0   ---   0.00   0.0   ---   21.2   22.7   22.7  ------  0.00   0.0   0.000   0.120   26.9    67   20.2   28.4  12.14  12.14   1403    1    100.0   60 
29/09/26   4:00   20.8   21.2   20.8    96   20.2   0.0   ---   0.00   0.0   ---   20.8   22.3   22.3  ------  0.00   0.0   0.000   0.104   26.6    68   20.2   28.1  12.35  12.35   1403    1    100.0   60 
29/09/26   5:00   20.9   21.0   20.7    96   20.3   0.0   ---   0.00   0.0   ---   20.9   22.4   22.4  ------  0.00   0.0   0.000   0.109   26.3    69   20.2   27.8  12.57  12.57   1398    1    100.0   60 
29/09/26   6:00   20.8   21.0   20.7    96   20.1   0.0   ---   0.00   0.0   ---   20.8   22.2   22.2  ------  0.00   0.0   0.000   0.102   26.2    70   20.3   27.7  12.87  12.87   1401    1    100.0   60 
29/09/26   7:00   20.4   20.7   20.4    96   19.8   0.0   ---   0.00   0.0   ---   20.4   21.8   21.8  ------  0.00   0.0   0.000   0.088   26.2    69   20.1   27.6  12.58  12.58   1402    1    100.0   60 
29/09/26   8:00   19.9   20.4   19.9    95   19.1   0.0   ---   0.00   0.0   ---   19.9   21.1   21.1  ------  0.00   0.0   0.000   0.067   24.9    70   19.1   25.8  12.91  12.91   1401    1    100.0   60 
29/09/26   9:00   19.5   19.9   19.5    94   18.5   0.0   ---   0.00   0.0   ---   19.5   20.5   20.5  ------  0.00   0.0   0.000   0.049   24.4    70   18.6   25.2  12.93  12.93   1400    1    100.0   60 
29/09/26  10:00   19.6   19.6   19.3    95   18.8   0.0   ---   0.00   0.0   ---   19.6   20.7   20.7  ------  0.00   0.0   0.000   0.053   24.3    70   18.5   25.1  12.93  12.93   1399    1    100.0   60 
29/09/26  11:00   20.1   20.1   19.6    92   18.8   0.0   ---   0.00   0.0   ---   20.1   21.2   21.2  ------  0.20   0.0   0.000   0.074   24.5    70   18.7   25.3  12.93  12.93   1398    1    100.0   60 
29/09/26  12:00   20.2   20.3   20.1    91   18.7   0.0   ---   0.00   0.0   ---   20.2   21.3   21.3  ------  0.00   0.0   0.000   0.076   24.3    70   18.5   25.1  12.94  12.94   1395    1    100.0   60 
29/09/26  13:00   20.6   20.6   20.1    90   18.9   0.0   ---   0.00   0.0   ---   20.6   21.7   21.7  ------  0.00   0.0   0.000   0.093   24.3    69   18.3   25.1  12.72  12.72   1401    1    100.0   60 
29/09/26  14:00   20.1   20.6   19.9    89   18.2   0.0   ---   0.00   0.0   ---   20.1   21.1   21.1  ------  0.00   0.0   0.000   0.074   24.7    68   18.4   25.4  12.49  12.49   1400    1    100.0   60 
29/09/26  15:00   19.7   20.2   19.7    91   18.2   0.0   ---   0.00   0.0   ---   19.7   20.7   20.7  ------  0.00   0.0   0.000   0.058   24.6    68   18.3   25.2  12.50  12.50   1404    1    100.0   60 
29/09/26  16:00   19.0   19.7   19.0    92   17.7   0.0   ---   0.00   0.0   ---   19.0   19.8   19.8  ------  0.00   0.0   0.000   0.028   24.3    68   18.0   25.0  12.52  12.52   1405    1    100.0   60 
29/09/26  17:00   18.6   19.0   18.5    91   17.1   0.0   ---   0.00   0.0   ---   18.6   19.2   19.2  ------  0.00   0.0   0.000   0.009   24.1    67   17.5   24.6  12.24  12.24   1402    1    100.0   60 
29/09/26  18:00   18.1   18.6   18.1    93   17.0   0.0   ---   0.00   0.0   ---   18.1   18.8   18.8  ------  0.00   0.0   0.009   0.000   23.9    67   17.4   24.4  12.25  12.25   1405    1    100.0   60 
29/09/26  19:00   17.8   18.1   17.8    95   17.0   0.0   ---   0.00   0.0   ---   17.8   18.4   18.4  ------  0.40   0.0   0.023   0.000   23.7    67   17.2   24.3  12.26  12.26   1401    1    100.0   60 
29/09/26  20:00   17.7   17.8   17.7    96   17.0   0.0   ---   0.00   0.0   ---   17.7   18.4   18.4  ------  0.00   0.0   0.028   0.000   23.8    68   17.5   24.4  12.55  12.55   1395    1    100.0   60 
29/09/26  21:00   17.8   17.8   17.6    96   17.2   0.0   ---   0.00   0.0   ---   17.8   18.6   18.6   953.1  0.00   0.0   0.021   0.000   23.7    68   17.4   24.3  12.55  .0684   1398    1    100.0   60 
29/09/26  22:00   17.9   17.9   17.8    96   17.2   0.0   ---   0.00   0.0   ---   17.9   18.7   18.7   953.0  0.00   0.0   0.019   0.000   23.6    68   17.3   24.1  12.55  .0684   1391    1    100.0   60 
29/09/26  23:00   18.1   18.1   17.9    96   17.4   0.0   ---   0.00   0.0   ---   18.1   18.8   18.8   953.0  0.00   0.0   0.012   0.000   23.4    68   17.2   24.0  12.55  .0685   1398    1    100.0   60 
30/09/26  00:00   18.2   18.2   18.1    96   17.5   0.0   ---   0.00   0.0   ---   18.2   19.0   19.0   954.0  0.00   0.0   0.007   0.000   23.3    68   17.1   23.9  12.55  .0686   1399    1    100.0   60 
30/09/26   1:00   18.1   18.2   18.1    96   17.4   0.0   ---   0.00   0.0   ---   18.1   18.8   18.8   953.9  0.00   0.0   0.012   0.000   23.2    69   17.2   23.8  12.77  .0686   1401    1    100.0   60 
30/09/26   2:00   18.1   18.1   18.0    96   17.4   0.0   ---   0.00   0.0   ---   18.1   18.8   18.8   953.9  0.00   0.0   0.012   0.000   23.1    70   17.3   23.7  13.01  .0686   1401    1    100.0   60 
30/09/26   3:00   18.1   18.1   17.9    96   17.4   0.0   ---   0.00   0.0   ---   18.1   18.8   18.8   953.9  0.00   0.0   0.012   0.000   23.1    71   17.5   23.7  13.31  .0686   1397    1    100.0   60 
30/09/26   4:00   17.6   18.1   17.6    96   17.0   0.0   ---   0.00   0.0   ---   17.6   18.3   18.3   953.9  0.00   0.0   0.030   0.000   22.9    71   17.4   23.5  13.32  .0686   1401    1    100.0   60 
30/09/26   5:00   17.4   17.6   17.4    96   16.7   0.0   ---   0.00   0.0   ---   17.4   18.1   18.1   953.9  0.20   0.0   0.039   0.000   22.8    71   17.2   23.3  13.33  .0687   1396    1    100.0   60 
30/09/26   6:00   17.0   17.4   17.0    96   16.4   0.0   ---   0.00   0.0   ---   17.0   17.6   17.6   953.9  0.80   1.4   0.056   0.000   22.5    71   17.0   22.9  13.35  .0688   1402    1    100.0   60 
30/09/26   7:00   16.7   17.1   16.7    96   16.1   0.0   ---   0.00   0.0   ---   16.7   17.3   17.3   953.9  0.20   1.0   0.067   0.000   22.5    71   17.0   22.9  13.35  .0688   1400    1    100.0   60 
30/09/26   8:00   16.8   16.8   16.7    96   16.1   0.0   ---   0.00   0.0   ---   16.8   17.3   17.3   953.9  0.00   0.0   0.065   0.000   21.8    71   16.3   22.1  13.40  .0690   1400    1    100.0   60 
30/09/26   9:00   16.7   16.8   16.7    96   16.1   0.0   ---   0.00   0.0   ---   16.7   17.3   17.3   953.9  0.20   0.0   0.067   0.000   21.6    72   16.3   21.9  13.71  .0691   1401    1    100.0   60 
30/09/26  10:00   16.9   16.9   16.7    96   16.2   0.0   ---   0.00   0.0   ---   16.9   17.4   17.4   953.9  0.00   0.0   0.060   0.000   21.5    72   16.2   21.8  13.72  .0691   1403    1    100.0   60 
30/09/26  11:00   17.6   17.6   16.8    95   16.7   0.0   ---   0.00   0.0   ---   17.6   18.2   18.2   953.9  0.00   0.0   0.032   0.000   21.7    72   16.5   22.1  13.71  .0690   1399    1    100.0   60 
30/09/26  12:00   17.9   18.0   17.6    95   17.1   0.0   ---   0.00   0.0   ---   17.9   18.7   18.7   953.9  0.00   0.0   0.016   0.000   22.1    72   16.8   22.4  13.68  .0689   1405    1    100.0   60 
30/09/26  13:00   19.1   19.1   17.9    92   17.7   0.0   ---   0.00   0.0   ---   19.1   19.9   19.9   953.9  0.00   0.0   0.000   0.030   22.3    72   17.0   22.7  13.67  .0688   1403    1    100.0   60 
30/09/26  14:00   20.5   20.6   19.1    83   17.5   0.0   ---   0.00   0.0   ---   20.5   21.4   21.4   953.9  0.00   0.0   0.000   0.090   22.8    71   17.3   23.4  13.33  .0687   1402    1    100.0   60 
30/09/26  15:00   20.2   20.6   20.0    88   18.1   0.0   ---   0.00   0.0   ---   20.2   21.1   21.1   953.9  0.00   0.0   0.000   0.076   23.1    70   17.3   23.6  13.01  .0686   1403    1    100.0   60 
30/09/26  16:00   21.2   21.2   20.1    86   18.7   0.0   ---   0.00   0.0   ---   21.2   22.2   22.2   953.9  0.00   0.0   0.000   0.118   23.5    70   17.7   24.2  12.98  .0685   1404    1    100.0   60 
30/09/26  17:00   20.7   21.3   20.7    86   18.2   0.0   ---   0.00   0.0   ---   20.7   21.7   21.7   953.9  0.00   0.0   0.000   0.097   23.8    70   18.0   24.5  12.96  .0684   1404    1    100.0   60 
30/09/26  18:00   19.9   20.7   19.9    87   17.7   0.0   ---   0.00   0.0   ---   19.9   20.7   20.7   953.9  0.00   0.0   0.000   0.065   23.7    70   17.9   24.3  12.97  .0684   1403    1    100.0   60 
30/09/26  19:00   19.9   20.1   19.9    89   18.0   0.0   ---   0.00   0.0   ---   19.9   20.8   20.8   953.9  0.00   0.0   0.000   0.065   23.3    69   17.3   23.9  12.77  .0686   1401    1    100.0   60 
30/09/26  20:00   19.4   19.9   19.4    92   18.1   0.0   ---   0.00   0.0   ---   19.4   20.3   20.3   951.6  0.00   0.0   0.000   0.044   23.1    70   17.3   23.7  13.01  .0684   1397    1    100.0   60 
30/09/26  21:00   19.2   19.4   19.2    92   17.8   0.0   ---   0.00   0.0   ---   19.2   20.1   20.1   952.2  0.00   0.0   0.000   0.035   23.2    71   17.6   23.8  13.30  .0684   1400    1    100.0   60 
30/09/26  22:00   18.9   19.2   18.8    93   17.7   0.0   ---   0.00   0.0   ---   18.9   19.7   19.7   952.4  0.00   0.0   0.000   0.023   23.1    71   17.5   23.7  13.31  .0685   1402    1    100.0   60 
30/09/26  23:00   18.7   18.9   18.7    94   17.7   0.0   ---   0.00   0.0   ---   18.7   19.6   19.6   952.5  0.00   0.0   0.000   0.016   22.8    71   17.3   23.4  13.33  .0686   1403    1    100.0   60 
 1/10/26  00:00   18.4   18.7   18.4    94   17.4   0.0   ---   0.00   0.0   ---   18.4   19.2   19.2   952.5  0.00   0.0   0.000   0.002   22.7    71   17.2   23.3  13.33  .0686   1398    1    100.0   60 
 1/10/26   1:00   17.4   18.4   17.4    95   16.6   0.0   ---   0.00   0.0   ---   17.4   18.1   18.1   952.5  0.00   0.0   0.037   0.000   22.7    71   17.2   23.3  13.33  .0686   1398    1    100.0   60 
 1/10/26   2:00   16.9   17.4   16.8    96   16.2   0.0   ---   0.00   0.0   ---   16.9   17.4   17.4   952.5  0.00   0.0   0.060   0.000   22.4    71   16.9   22.8  13.36  .0687   1399    1    100.0   60 
 1/10/26   3:00   17.6   17.6   16.9    96   16.9   0.0   ---   0.00   0.0   ---   17.6   18.3   18.3   952.5  0.00   0.0   0.032   0.000   22.2    72   16.9   22.6  13.67  .0688   1399    1    100.0   60 
 1/10/26   4:00   15.9   17.5   15.9    96   15.3   0.0   ---   0.00   0.0   ---   15.9   16.4   16.4   952.5  0.00   0.0   0.100   0.000   21.8    71   16.3   22.2  13.40  .0689   1400    1    100.0   60 
 1/10/26   5:00   17.1   17.1   15.9    96   16.5   0.0   ---   0.00   0.0   ---   17.1   17.7   17.7   952.5  0.00   0.0   0.051   0.000   21.7    72   16.5   22.1  13.71  .0689   1400    1    100.0   60 
 1/10/26   6:00   17.6   17.6   17.1    96   17.0   0.0   ---   0.00   0.0   ---   17.6   18.3   18.3   952.5  0.00   0.0   0.030   0.000   21.7    73   16.6   22.1  13.91  .0689   1400    1    100.0   60 
 1/10/26   7:00   17.7   17.7   17.6    96   17.0   0.0   ---   0.00   0.0   ---   17.7   18.4   18.4   952.5  0.00   0.0   0.028   0.000   21.7    73   16.6   22.1  13.91  .0689   1399    1    100.0   60 
 1/10/26   8:00   18.1   18.1   17.7    96   17.4   0.0   ---   0.00   0.0   ---   18.1   18.8   18.8   952.5  0.00   0.0   0.012   0.000   21.7    74   16.9   22.2  14.21  .0689   1400    1    100.0   60 
 1/10/26   9:00   19.1   19.1   18.0    93   17.9   0.0   ---   0.00   0.0   ---   19.1   19.9   19.9   952.5  0.00   0.0   0.000   0.030   21.9    74   17.1   22.4  14.19  .0688   1401    1    100.0   60 
 1/10/26  10:00   20.2   20.2   19.1    88   18.2   0.0   ---   0.00   0.0   ---   20.2   21.2   21.2   952.5  0.00   0.0   0.000   0.079   22.3    73   17.2   22.8  13.87  .0687   1399    1    100.0   60 
 1/10/26  11:00   21.6   21.6   20.2    82   18.4   0.0   ---   0.00   0.0   ---   21.6   22.4   22.4   952.5  0.00   0.0   0.000   0.134   22.8    73   17.7   23.5  13.83  .0685   1399    1    100.0   60 
 1/10/26  12:00   22.9   22.9   21.6    76   18.4   0.0   ---   0.00   0.0   ---   22.9   23.7   23.7   952.5  0.00   0.0   0.000   0.190   23.7    71   18.1   24.4  13.27  .0683   1404    1    100.0   60 
 1/10/26  13:00   25.1   25.1   22.4    65   18.1   0.0   ---   0.00   0.0   ---   25.1   25.7   25.7   952.5  0.00   0.0   0.000   0.282   24.1    70   18.3   24.8  12.94  .0682   1404    1    100.0   60 
 1/10/26  14:00   25.2   25.8   24.9    61   17.2   0.0   ---   0.00   0.0   ---   25.2   25.6   25.6   952.5  0.00   0.0   0.000   0.287   24.6    69   18.5   25.4  12.70  .0680   1404    1    100.0   60 
 1/10/26  15:00   25.1   25.2   24.5    65   18.0   0.0   ---   0.00   0.0   ---   25.1   25.7   25.7   952.5  0.00   0.0   0.000   0.280   24.8    67   18.2   25.4  12.22  .0680   1405    1    100.0   60 
 1/10/26  16:00   23.2   25.1   23.2    72   17.8   0.0   ---   0.00   0.0   ---   23.2   23.8   23.8   952.5  0.00   0.0   0.000   0.201   25.1    66   18.3   25.7  12.01  .0680   1403    1    100.0   60 
 1/10/26  17:00   19.9   23.2   19.9    81   16.5   0.0   ---   0.00   0.0   ---   19.9   20.5   20.5   952.5  0.00   0.0   0.000   0.065   24.4    65   17.4   24.9  11.83  .0682   1404    1    100.0   60 
 1/10/26  18:00   18.1   19.9   18.1    86   15.7   0.0   ---   0.00   0.0   ---   18.1   18.5   18.5   952.5  0.00   0.0   0.009   0.000   23.6    65   16.6   24.1  11.85  .0684   1405    1    100.0   60 
 1/10/26  19:00   17.2   18.1   17.2    89   15.3   0.0   ---   0.00   0.0   ---   17.2   17.5   17.5   952.5  0.00   0.0   0.049   0.000   23.2    65   16.3   23.7  11.85  .0686   1403    1    100.0   60 
 1/10/26  20:00   16.3   17.2   16.3    92   15.0   0.0   ---   0.00   0.0   ---   16.3   16.6   16.6   952.5  0.00   0.0   0.086   0.000   22.8    65   15.9   23.2  11.85  .0687   1405    1    100.0   60 
 1/10/26  21:00   16.0   16.3   15.9    93   14.9   0.0   ---   0.00   0.0   ---   16.0   16.3   16.3   952.5  0.00   0.0   0.097   0.000   22.5    65   15.6   22.7  11.85  .0688   1401    1    100.0   60 
 1/10/26  22:00   15.8   16.1   15.8    95   15.0   0.0   ---   0.00   0.0   ---   15.8   16.2   16.2   952.5  0.20   0.0   0.104   0.000   22.3    66   15.7   22.6  12.11  .0688   1403    1    100.0   60 
 1/10/26  23:00   15.8   15.9   15.8    95   15.0   0.0   ---   0.00   0.0   ---   15.8   16.1   16.1   952.5  0.00   0.0   0.106   0.000   22.4    67   16.0   22.7  12.30  .0688   1400    1    100.0   60 
 2/10/26  00:00   15.7   15.8   15.7    96   15.1   0.0   ---   0.00   0.0   ---   15.7   16.1   16.1   952.5  0.00   0.0   0.109   0.000   22.4    67   16.0   22.7  12.30  .0688   1398    1    100.0   60 
 2/10/26   1:00   15.9   15.9   15.7    96   15.3   0.0   ---   0.00   0.0   ---   15.9   16.4   16.4   952.5  0.00   0.0   0.100   0.000   22.2    67   15.7   22.3  12.31  .0689   1402    1    100.0   60 
 2/10/26   2:00   16.0   16.1   15.9    96   15.4   0.0     N   0.00   1.6     N   16.0   16.4   16.4   952.5  0.00   0.0   0.097   0.000   22.0    68   15.8   22.2  12.55  .0689   1401    1    100.0   60 
 2/10/26   3:00   15.9   16.0   15.9    96   15.3   0.0   ---   0.00   0.0   ---   15.9   16.3   16.3   952.5  0.00   0.0   0.102   0.000   21.8    68   15.7   22.0  12.55  .0689   1401    1    100.0   60 
 2/10/26   4:00   15.8   15.9   15.8    96   15.1   0.0   ---   0.00   0.0   ---   15.8   16.2   16.2   952.5  0.00   0.0   0.106   0.000   21.7    69   15.7   21.8  12.83  .0690   1401    1    100.0   60 
 2/10/26   5:00   15.9   15.9   15.8    96   15.3   0.0   ---   0.00   0.0   ---   15.9   16.3   16.3   952.5  0.00   0.0   0.102   0.000   21.5    69   15.6   21.7  12.84  .0690   1401    1    100.0   60 
 2/10/26   6:00   15.9   15.9   15.8    96   15.3   0.0   ---   0.00   0.0   ---   15.9   16.3   16.3   952.5  0.00   0.0   0.102   0.000   21.4    69   15.5   21.5  12.84  .0691   1401    1    100.0   60 
 2/10/26   7:00   15.8   16.0   15.8    96   15.2   0.0   ---   0.00   0.0   ---   15.8   16.3   16.3   952.5  0.00   0.0   0.104   0.000   21.4    70   15.7   21.6  13.13  .0690   1398    1    100.0   60 
 2/10/26   8:00   16.0   16.0   15.8    95   15.2   0.0   ENE   0.00   4.8   ENE   16.0   16.4   16.4   952.5  0.00   0.0   0.097   0.000   21.4    69   15.5   21.5  12.84  .0691   1396    1    100.0   60 
 2/10/26   9:00   16.1   16.1   15.9    93   14.9   0.0   ENE   0.00   8.0   ESE   16.1   16.4   16.4   952.5  0.00   0.0   0.095   0.000   21.4    68   15.2   21.4  12.55  .0691   1398    1    100.0   60 
 2/10/26  10:00   17.3   17.3   16.1    89   15.4   0.0   ENE   0.00   6.4    NE   17.3   17.7   17.7   952.5  0.00   0.0   0.044   0.000   21.7    68   15.5   21.8  12.55  .0690   1399    1    100.0   60 
 2/10/26  11:00   19.3   19.3   17.3    84   16.6   0.0   ---   0.00   0.0   ---   19.3   19.9   19.9   952.5  0.00   0.0   0.000   0.042   22.2    67   15.7   22.3  12.31  .0689   1404    1    100.0   60 
 2/10/26  12:00   21.2   21.7   19.4    76   16.8   0.0   ---   0.00   0.0   ---   21.2   21.7   21.7   952.5  0.00   0.0   0.000   0.118   23.1    67   16.6   23.5  12.28  .0686   1405    1    100.0   60 
 2/10/26  13:00   22.6   22.8   21.2    73   17.5   0.0   ---   0.00   0.0   ---   22.6   23.1   23.1   952.5  0.00   0.0   0.000   0.176   23.4    66   16.7   23.9  12.07  .0685   1404    1    100.0   60 
 2/10/26  14:00   23.7   23.7   22.4    69   17.7   0.0   ---   0.00   0.0   ---   23.7   24.4   24.4   952.5  0.00   0.0   0.000   0.225   23.8    66   17.0   24.3  12.05  .0684   1405    1    100.0   60 
 2/10/26  15:00   24.5   24.7   23.7    68   18.2   0.0   ---   0.00   0.0   ---   24.5   25.2   25.2   952.5  0.00   0.0   0.000   0.257   24.3    64   17.0   24.7  11.64  .0683   1404    1    100.0   60 
 2/10/26  16:00   23.9   24.6   23.8    71   18.3   0.0   ---   0.00   0.0   ---   23.9   24.7   24.7   952.5  0.00   0.0   0.000   0.231   24.3    64   17.1   24.8  11.63  .0682   1402    1    100.0   60 
 2/10/26  17:00   23.1   24.9   23.1    72   17.8   0.0   ---   0.00   0.0   ---   23.1   23.8   23.8   952.5  0.00   0.0   0.000   0.199   24.6    64   17.3   25.1  11.63  .0682   1404    1    100.0   60 
 2/10/26  18:00   22.4   23.1   22.4    77   18.2   0.0   ---   0.00   0.0   ---   22.4   23.2   23.2   952.5  0.00   0.0   0.000   0.171   24.3    65   17.3   24.8  11.83  .0682   1403    1    100.0   60 
 2/10/26  19:00   22.1   22.4   22.1    79   18.2   0.0   ---   0.00   0.0   ---   22.1   22.8   22.8   952.5  0.00   0.0   0.000   0.155   24.2    66   17.4   24.7  12.04  .0683   1402    1    100.0   60 
 2/10/26  20:00   21.0   22.1   21.0    83   18.0   0.0   ---   0.00   0.0   ---   21.0   21.9   21.9   952.5  0.00   0.0   0.000   0.111   23.8    66   17.1   24.3  12.05  .0684   1402    1    100.0   60 
 2/10/26  21:00   20.2   21.0   20.2    87   17.9   0.0   ---   0.00   0.0   ---   20.2   21.1   21.1   952.5  0.00   0.0   0.000   0.076   23.8    67   17.3   24.3  12.25  .0684   1401    1    100.0   60 
 2/10/26  22:00   19.9   20.2   19.9    85   17.3   0.0   ---   0.00   0.0   ---   19.9   20.7   20.7   952.5  0.00   0.0   0.000   0.065   23.6    67   17.1   24.2  12.26  .0684   1402    1    100.0   60 
 2/10/26  23:00   19.8   19.9   19.7    85   17.2   0.0   ---   0.00   0.0   ---   19.8   20.5   20.5   952.5  0.00   0.0   0.000   0.060   23.4    67   17.0   23.9  12.27  .0685   1402    1    100.0   60 
 3/10/26  00:00   18.5   19.8   18.5    90   16.8   0.0   ---   0.00   0.0   ---   18.5   19.2   19.2   952.5  0.00   0.0   0.000   0.007   23.2    67   16.8   23.7  12.27  .0685   1405    1    100.0   60 
 3/10/26   1:00   17.3   18.5   17.3    93   16.1   0.0   ---   0.00   0.0   ---   17.3   17.8   17.8   952.5  0.00   0.0   0.044   0.000   22.9    67   16.5   23.4  12.28  .0686   1401    1    100.0   60 
 3/10/26   2:00   16.2   17.3   16.2    94   15.3   0.0   ---   0.00   0.0   ---   16.2   16.6   16.6   952.5  0.00   0.0   0.088   0.000   22.4    68   16.2   22.8  12.55  .0688   1401    1    100.0   60 
 3/10/26   3:00   15.3   16.2   15.3    95   14.5   0.0   ---   0.00   0.0   ---   15.3   15.7   15.7   952.5  0.00   0.0   0.125   0.000   22.1    67   15.6   22.2  12.32  .0689   1403    1    100.0   60 
 3/10/26   4:00   14.9   15.4   14.9    96   14.3   0.0   ---   0.00   0.0   ---   14.9   15.2   15.2   952.5  0.00   0.0   0.144   0.000   21.7    67   15.3   21.8  12.33  .0690   1403    1    100.0   60 
 3/10/26   5:00   14.1   14.9   14.0    96   13.4   0.0   ---   0.00   0.0   ---   14.1   14.3   14.3   952.5  0.00   0.0   0.178   0.000   21.4    67   15.0   21.4  12.34  .0691   1403    1    100.0   60 
 3/10/26   6:00   14.0   14.2   13.8    96   13.4   0.0   ---   0.00   0.0   ---   14.0   14.2   14.2   952.5  0.00   0.0   0.181   0.000   21.1    67   14.7   21.1  12.35  .0692   1401    1    100.0   60 
 3/10/26   7:00   13.9   14.2   13.9    96   13.3   0.0   ---   0.00   0.0   ---   13.9   14.2   14.2   952.5  0.00   0.0   0.183   0.000   21.0    67   14.6   21.0  12.35  .0692   1403    1    100.0   60 
 3/10/26   8:00   15.7   15.7   13.8    96   15.0   0.0   ---   0.00   0.0   ---   15.7   16.1   16.1   952.5  0.20   0.0   0.111   0.000   21.2    67   14.8   21.2  12.35  .0692   1403    1    100.0   60 
 3/10/26   9:00   18.9   18.9   15.7    92   17.6   0.0   ---   0.00   0.0   ---   18.9   19.7   19.7   952.5  0.00   0.0   0.000   0.023   21.4    67   15.1   21.5  12.34  .0691   1403    1    100.0   60 
 3/10/26  10:00   23.7   23.7   18.9    75   19.0   0.0   ---   0.00   0.0   ---   23.7   24.6   24.6   952.5  0.00   0.0   0.000   0.222   22.4    67   16.0   22.7  12.30  .0688   1402    1    100.0   60 
 3/10/26  11:00   26.2   26.2   23.7    67   19.6   0.0    SE   0.00   1.6    SE   26.2   27.3   27.3   952.5  0.00   0.0   0.000   0.326   23.3    66   16.6   23.8  12.07  .0685   1404    1    100.0   60 
 3/10/26  12:00   28.6   28.6   26.2    56   19.0   0.0    SW   0.00   1.6    SW   28.6   29.9   29.9   952.5  0.00   0.0   0.000   0.428   24.2    65   17.2   24.7  11.84  .0683   1405    1    100.0   60 
 3/10/26  13:00   31.6   31.6   28.6    47   18.9   0.0    SW   0.00   3.2    SW   31.6   33.1   33.1   952.5  0.00   0.0   0.000   0.551   25.1    65   18.0   25.7  11.81  .0680   1405    1    100.0   60 
 3/10/26  14:00   34.2   34.3   31.6    44   20.2   0.0   SSW   0.00   1.6    NW   34.2   37.1   37.1   952.5  0.00   0.0   0.000   0.662   25.9    64   18.6   26.7  11.58  .0678   1402    1    100.0   60 
 3/10/26  15:00   33.3   34.2   33.3    42   18.7   0.0   NNE   0.00   3.2     N   33.3   34.9   34.9   952.5  0.00   0.0   0.000   0.625   26.5    63   18.9   27.4  11.36  .0676   1405    1    100.0   60 
 3/10/26  16:00   31.2   33.3   31.2    33   13.0   0.0    SW   0.00   1.6    SW   31.2   30.3   30.3   952.5  0.00   0.0   0.000   0.535   26.3    63   18.7   27.2  11.36  .0676   1402    1    100.0   60 
 3/10/26  17:00   29.7   31.2   29.7    44   16.1   0.0   WSW   0.00   1.6   WSW   29.7   29.8   29.8   952.5  0.00   0.0   0.000   0.472   26.1    62   18.2   26.7  11.17  .0677   1402    1    100.0   60 
 3/10/26  18:00   27.3   29.6   27.3    55   17.4   0.0   ---   0.00   0.0   ---   27.3   27.8   27.8   952.5  0.00   0.0   0.000   0.373   25.9    62   18.0   26.5  11.18  .0678   1405    1    100.0   60 
 3/10/26  19:00   25.6   27.3   25.6    60   17.2   0.0   ---   0.00   0.0   ---   25.6   25.9   25.9   952.5  0.00   0.0   0.000   0.301   25.7    62   17.8   26.2  11.19  .0679   1404    1    100.0   60 
 3/10/26  20:00   23.3   25.5   23.3    66   16.6   0.0   ---   0.00   0.0   ---   23.3   23.7   23.7   952.5  0.00   0.0   0.000   0.206   25.4    62   17.6   25.9  11.20  .0680   1404    1    100.0   60 
 3/10/26  21:00   22.2   23.2   22.2    67   15.7   0.0   ---   0.00   0.0   ---   22.2   22.3   22.3   952.5  0.00   0.0   0.000   0.160   25.1    63   17.5   25.6  11.41  .0680   1405    1    100.0   60 
 3/10/26  22:00   21.2   22.2   21.2    70   15.5   0.0   ---   0.00   0.0   ---   21.2   21.3   21.3   952.5  0.00   0.0   0.000   0.120   24.8    63   17.3   25.3  11.42  .0681   1404    1    100.0   60 
 3/10/26  23:00   20.2   21.2   20.1    74   15.4   0.0   ---   0.00   0.0   ---   20.2   20.6   20.6   952.5  0.00   0.0   0.000   0.076   24.6    63   17.1   25.1  11.42  .0682   1405    1    100.0   60 
 4/10/26  00:00   20.8   20.8   20.2    70   15.1   0.0   ---   0.00   0.0   ---   20.8   21.0   21.0   952.5  0.00   0.0   0.000   0.102   24.4    63   16.9   24.8  11.43  .0682   1405    1    100.0   60 
 4/10/26   1:00   20.1   20.7   20.1    75   15.5   0.0   ---   0.00   0.0   ---   20.1   20.5   20.5   952.5  0.00   0.0   0.000   0.074   24.3    63   16.8   24.7  11.44  .0683   1401    1    100.0   60 
 4/10/26   2:00   19.1   20.1   19.1    84   16.3   0.0   ---   0.00   0.0   ---   19.1   19.7   19.7   952.5  0.00   0.0   0.000   0.032   24.1    64   16.8   24.5  11.64  .0683   1404    1    100.0   60 
 4/10/26   3:00   20.1   20.1   19.1    82   16.9   0.0   ---   0.00   0.0   ---   20.1   20.8   20.8   952.5  0.00   0.0   0.000   0.074   23.8    64   16.6   24.2  11.65  .0684   1404    1    100.0   60 
 4/10/26   4:00   19.7   20.1   19.7    82   16.6   0.0   ---   0.00   0.0   ---   19.7   20.4   20.4   952.5  0.00   0.0   0.000   0.058   23.8    64   16.6   24.2  11.65  .0684   1404    1    100.0   60 
 4/10/26   5:00   19.6   19.7   19.6    82   16.5   0.0   ---   0.00   0.0   ---   19.6   20.2   20.2   952.5  0.00   0.0   0.000   0.053   23.7    65   16.7   24.1  11.85  .0684   1404    1    100.0   60 
 4/10/26   6:00   19.2   19.6   19.2    83   16.2   0.0   SSE   0.00   3.2   SSE   19.2   19.7   19.7   952.5  0.00   0.0   0.000   0.035   23.4    65   16.5   23.9  11.85  .0685   1405    1    100.0   60 
 4/10/26   7:00   19.0   19.2   19.0    85   16.4   0.0   ---   0.00   0.0   ---   19.0   19.6   19.6   952.5  0.00   0.0   0.000   0.028   23.3    65   16.3   23.7  11.85  .0686   1404    1    100.0   60 
 4/10/26   8:00   19.3   19.3   18.8    85   16.7   0.0   WNW   0.00   3.2   WNW   19.3   19.9   19.9   952.5  0.00   0.0   0.000   0.042   23.3    65   16.3   23.7  11.85  .0686   1403    1    100.0   60 
 4/10/26   9:00   19.9   19.9   19.3    85   17.3   0.0   WNW   0.00   1.6   WNW   19.9   20.7   20.7   952.5  0.00   0.0   0.000   0.065   23.3    65   16.4   23.8  11.85  .0685   1403    1    100.0   60 
 4/10/26  10:00   20.4   20.4   19.9    81   17.1   0.0   ---   0.00   0.0   ---   20.4   21.2   21.2   952.5  0.00   0.0   0.000   0.088   23.6    65   16.6   24.0  11.85  .0685   1405    1    100.0   60 
 4/10/26  11:00   22.0   22.1   20.4    73   16.9   0.0   WSW   0.00   3.2   WSW   22.0   22.4   22.4   952.5  0.00   0.0   0.000   0.153   23.9    65   17.0   24.4  11.85  .0683   1400    1    100.0   60 
 4/10/26  12:00   23.1   23.1   22.0    69   17.1   0.0   ESE   0.00   3.2   ESE   23.1   23.6   23.6   951.3  0.00   0.0   0.000   0.197   24.4    64   17.1   24.8  11.63  .0681   1403    1    100.0   60 
 4/10/26  13:00   24.3   24.3   23.1    65   17.3   0.0   ---   0.00   0.0   ---   24.3   24.8   24.8   951.3  0.00   0.0   0.000   0.250   24.8    64   17.5   25.3  11.62  .0680   1404    1    100.0   60 
 4/10/26  14:00   25.7   25.7   24.3    58   16.8   0.0   NNE   0.00   1.6   NNE   25.7   26.0   26.0   951.3  0.00   0.0   0.000   0.306   25.2    63   17.6   25.7  11.40  .0679   1405    1    100.0   60 
 4/10/26  15:00   26.3   26.9   25.7    55   16.6   0.0   SSE   0.00   3.2   SSE   26.3   26.7   26.7   951.3  0.00   0.0   0.000   0.333   25.7    63   18.1   26.3  11.39  .0678   1404    1    100.0   60 
 4/10/26  16:00   27.9   27.9   26.3    41   13.5   0.0   ---   0.00   0.0   ---   27.9   27.4   27.4   951.3  0.00   0.0   0.000   0.400   26.3    62   18.4   27.0  11.16  .0676   1404    1    100.0   60 
 4/10/26  17:00   27.3   28.2   27.3    44   14.0   0.0    SE   0.00   4.8    SE   27.3   27.0   27.0   951.3  0.00   0.0   0.000   0.375   26.9    61   18.8   27.8  10.95  .0674   1402    1    100.0   60 
 4/10/26  18:00   25.5   27.3   25.5    48   13.7   0.0   ---   0.00   0.0   ---   25.5   25.3   25.3   951.3  0.00   0.0   0.000   0.299   26.6    60   18.2   27.2  10.76  .0676   1404    1    100.0   60 
 4/10/26  19:00   23.8   25.4   23.8    55   14.2   0.0   ---   0.00   0.0   ---   23.8   23.9   23.9   951.3  0.00   0.0   0.000   0.229   26.0    61   17.9   26.6  10.97  .0677   1403    1    100.0   60 
 4/10/26  20:00   21.9   23.8   21.9    65   15.1   0.0   ---   0.00   0.0   ---   21.9   22.0   22.0   951.3  0.00   0.0   0.000   0.150   25.5    61   17.4   25.9  10.99  .0679   1404    1    100.0   60 
 4/10/26  21:00   20.9   21.9   20.9    70   15.3   0.0   ---   0.00   0.0   ---   20.9   21.1   21.1   949.9  0.00   0.0   0.000   0.109   25.2    61   17.2   25.6  11.00  .0678   1404    1    100.0   60 
 4/10/26  22:00   20.2   20.9   20.2    73   15.2   0.0   WNW   0.00   1.6   WNW   20.2   20.6   20.6   950.5  0.00   0.0   0.000   0.079   24.9    61   16.9   25.3  11.01  .0680   1405    1    100.0   60 
 4/10/26  23:00   19.6   20.2   19.6    75   15.1   0.0    NW   0.00   3.2    NW   19.6   19.9   19.9   951.3  0.00   0.0   0.000   0.053   24.7    62   16.9   25.1  11.22  .0681   1405    1    100.0   60 
 5/10/26  00:00   19.3   19.6   19.2    76   14.9   0.0   ---   0.00   0.0   ---   19.3   19.6   19.6   951.9  0.00   0.0   0.000   0.039   24.6    62   16.8   24.9  11.23  .0682   1405    1    100.0   60 
 5/10/26   1:00   19.0   19.3   18.9    80   15.5   0.0   WNW   0.00   1.6   WNW   19.0   19.4   19.4   951.9  0.00   0.0   0.000   0.028   24.3    62   16.6   24.7  11.23  .0682   1403    1    100.0   60 
 5/10/26   2:00   18.7   19.0   18.7    82   15.6   0.0   WNW   0.00   3.2   WNW   18.7   19.2   19.2   951.9  0.00   0.0   0.000   0.016   24.2    62   16.4   24.5  11.24  .0683   1403    1    100.0   60 
 5/10/26   3:00   18.1   18.7   18.1    88   16.0   0.0   WNW   0.00   4.8   WNW   18.1   18.5   18.5   951.9  0.00   0.0   0.012   0.000   23.9    63   16.5   24.3  11.45  .0683   1403    1    100.0   60 
 5/10/26   4:00   17.8   18.1   17.8    87   15.6   0.0   WNW   0.00   1.6   WNW   17.8   18.2   18.2   951.9  0.00   0.0   0.023   0.000   23.8    63   16.3   24.1  11.45  .0684   1402    1    100.0   60 
 5/10/26   5:00   17.7   17.8   17.7    88   15.7   0.0   ---   0.00   0.0   ---   17.7   18.1   18.1   951.9  0.00   0.0   0.025   0.000   23.6    64   16.4   24.0  11.65  .0684   1403    1    100.0   60 
 5/10/26   6:00   17.6   17.7   17.6    85   15.1   0.0   ---   0.00   0.0   ---   17.6   17.9   17.9   951.9  0.00   0.0   0.030   0.000   23.4    64   16.2   23.8  11.65  .0685   1403    1    100.0   60 
 5/10/26   7:00   17.2   17.6   17.2    88   15.2   0.0   ---   0.00   0.0   ---   17.2   17.5   17.5   951.3  0.00   0.0   0.049   0.000   23.2    64   16.0   23.6  11.65  .0685   1402    1    100.0   60 
 5/10/26   8:00   17.3   17.3   17.1    89   15.4   0.0   ---   0.00   0.0   ---   17.3   17.7   17.7   951.9  0.00   0.0   0.044   0.000   22.5    64   15.3   22.7  11.65  .0688   1401    1    100.0   60 
 5/10/26   9:00   17.1   17.3   17.1    88   15.1   0.0   WNW   0.00   3.2   WNW   17.1   17.4   17.4   951.9  0.00   0.0   0.051   0.000   22.0    64   14.9   22.1  11.65  .0689   1405    1    100.0   60 
 5/10/26  10:00   17.8   17.8   17.1    86   15.5   0.0   SSW   0.00   1.6   SSW   17.8   18.2   18.2   951.9  0.00   0.0   0.021   0.000   21.9    65   15.0   21.9  11.85  .0689   1405    1    100.0   60 
 5/10/26  11:00   18.4   18.6   17.8    84   15.7   0.0   WNW   0.00   4.8   WNW   18.4   18.8   18.8   953.8  0.00   0.0   0.000   0.005   22.1    65   15.2   22.2  11.85  .0690   1404    1    100.0   60 
 5/10/26  12:00   19.3   19.3   18.4    83   16.3   0.0   ---   0.00   0.0   ---   19.3   19.8   19.8   953.9  0.00   0.0   0.000   0.039   22.2    65   15.3   22.3  11.85  .0690   1404    1    100.0   60 
 5/10/26  13:00   20.8   20.9   19.3    76   16.4   0.0   ---   0.00   0.0   ---   20.8   21.3   21.3   953.8  0.00   0.0   0.000   0.104   22.8    65   15.9   23.2  11.85  .0688   1405    1    100.0   60 
 5/10/26  14:00   22.5   22.5   20.7    70   16.8   0.0   ---   0.00   0.0   ---   22.5   22.9   22.9   953.8  0.00   0.0   0.000   0.174   23.8    64   16.6   24.2  11.65  .0685   1405    1    100.0   60 
 5/10/26  15:00   24.6   24.6   22.2    67   18.0   0.0   ---   0.00   0.0   ---   24.6   25.2   25.2   953.8  0.00   0.0   0.000   0.259   24.7    63   17.2   25.1  11.42  .0683   1404    1    100.0   60 
 5/10/26  16:00   25.5   25.5   24.6    60   17.2   0.0   ---   0.00   0.0   ---   25.5   25.9   25.9   953.8  0.00   0.0   0.000   0.299   25.8    62   17.9   26.4  11.18  .0679   1404    1    100.0   60 
 5/10/26  17:00   26.6   26.8   25.5    57   17.4   0.0   ---   0.00   0.0   ---   26.6   27.1   27.1   953.8  0.00   0.0   0.000   0.345   26.5    60   18.1   27.1  10.76  .0678   1404    1    100.0   60 
 5/10/26  18:00   24.3   26.8   24.3    62   16.5   0.0   ---   0.00   0.0   ---   24.3   24.6   24.6   953.8  0.00   0.0   0.000   0.248   26.2    59   17.6   26.7  10.58  .0679   1403    1    100.0   60 
 5/10/26  19:00   23.0   24.3   23.0    67   16.5   0.0   ---   0.00   0.0   ---   23.0   23.4   23.4   953.8  0.00   0.0   0.000   0.194   25.5    59   16.9   25.8  10.63  .0681   1403    1    100.0   60 
 5/10/26  20:00   21.3   23.0   21.3    75   16.7   0.0   ---   0.00   0.0   ---   21.3   21.7   21.7   953.8  0.00   0.0   0.000   0.123   25.1    60   16.7   25.3  10.87  .0682   1403    1    100.0   60 
 5/10/26  21:00   20.7   21.3   20.7    79   16.9   0.0   ---   0.00   0.0   ---   20.7   21.4   21.4   953.8  0.00   0.0   0.000   0.097   24.8    61   16.7   25.1  11.02  .0683   1402    1    100.0   60 
 5/10/26  22:00   20.3   20.7   20.3    80   16.7   0.0   ---   0.00   0.0   ---   20.3   21.0   21.0   953.8  0.00   0.0   0.000   0.081   24.6    62   16.8   24.9  11.23  .0683   1405    1    100.0   60 
 5/10/26  23:00   18.5   20.3   18.5    88   16.5   0.0   ---   0.00   0.0   ---   18.5   19.1   19.1   953.8  0.00   0.0   0.000   0.007   24.2    63   16.7   24.6  11.44  .0684   1405    1    100.0   60 
 6/10/26  00:00   18.6   18.6   18.2    89   16.8   0.0   ---   0.00   0.0   ---   18.6   19.2   19.2   953.8  0.00   0.0   0.000   0.012   24.0    63   16.5   24.4  11.45  .0685   1404    1    100.0   60 
 6/10/26   1:00   18.9   19.0   18.6    90   17.3   0.0   ---   0.00   0.0   ---   18.9   19.7   19.7   953.8  0.00   0.0   0.000   0.025   23.7    64   16.5   24.1  11.65  .0685   1403    1    100.0   60 
 6/10/26   2:00   18.0   18.9   18.0    92   16.7   0.0   ---   0.00   0.0   ---   18.0   18.6   18.6   953.8  0.00   0.0   0.014   0.000   23.5    65   16.5   23.9  11.85  .0686   1404    1    100.0   60 
 6/10/26   3:00   16.7   18.0   16.7    93   15.5   0.0   ---   0.00   0.0   ---   16.7   17.1   17.1   953.8  0.00   0.0   0.069   0.000   23.2    65   16.2   23.6  11.85  .0687   1402    1    100.0   60 
 6/10/26   4:00   16.1   16.7   15.9    95   15.3   0.0   ---   0.00   0.0   ---   16.1   16.4   16.4   953.8  0.00   0.0   0.095   0.000   22.7    66   16.0   23.1  12.09  .0688   1404    1    100.0   60 
 6/10/26   5:00   16.1   16.2   15.9    95   15.3   0.0   ---   0.00   0.0   ---   16.1   16.4   16.4   953.8  0.00   0.0   0.095   0.000   22.5    66   15.8   22.8  12.10  .0689   1403    1    100.0   60 
 6/10/26   6:00   15.2   16.1   15.2    95   14.4   0.0   ---   0.00   0.0   ---   15.2   15.4   15.4   953.8  0.00   0.0   0.132   0.000   22.2    66   15.5   22.3  12.11  .0690   1403    1    100.0   60 
 6/10/26   7:00   14.2   15.2   14.2    96   13.6   0.0   ---   0.00   0.0   ---   14.2   14.5   14.5   953.8  0.00   0.0   0.171   0.000   22.0    66   15.4   22.1  12.12  .0690   1403    1    100.0   60 
 6/10/26   8:00   15.1   15.1   14.2    96   14.5   0.0   ---   0.00   0.0   ---   15.1   15.4   15.4   953.8  0.00   0.0   0.134   0.000   21.8    66   15.2   21.9  12.12  .0691   1404    1    100.0   60 
 6/10/26   9:00   20.2   20.2   15.1    86   17.7   0.0   ---   0.00   0.0   ---   20.2   21.1   21.1   953.8  0.00   0.0   0.000   0.076   22.7    66   16.0   23.1  12.09  .0688   1402    1    100.0   60 
 6/10/26  10:00   24.3   24.3   20.2    70   18.5   0.0   ---   0.00   0.0   ---   24.3   25.1   25.1   953.8  0.00   0.0   0.000   0.250   23.8    65   16.8   24.2  11.85  .0685   1404    1    100.0   60 
 6/10/26  11:00   26.5   26.6   24.3    62   18.6   0.0   ---   0.00   0.0   ---   26.5   27.3   27.3   953.8  0.00   0.0   0.000   0.340   25.1    64   17.8   25.6  11.61  .0681   1402    1    100.0   60 
 6/10/26  12:00   28.0   28.0   26.6    56   18.4   0.0   ---   0.00   0.0   ---   28.0   28.9   28.9   953.8  0.00   0.0   0.000   0.403   25.8    62   18.0   26.4  11.18  .0679   1397    1    100.0   60 
 6/10/26  13:00   28.7   28.8   27.7    54   18.5   0.0   ---   0.00   0.0   ---   28.7   29.8   29.8   953.8  0.00   0.0   0.000   0.433   26.4    61   18.3   27.2  10.96  .0677   1404    1    100.0   60 
 6/10/26  14:00   28.8   29.1   28.6    56   19.2   0.0   ---   0.00   0.0   ---   28.8   30.2   30.2   953.8  0.00   0.0   0.000   0.438   26.7    60   18.3   27.3  10.75  .0677   1402    1    100.0   60 
 6/10/26  15:00   30.6   30.6   28.7    51   19.3   0.0   ---   0.00   0.0   ---   30.6   32.2   32.2   953.8  0.00   0.0   0.000   0.509   27.7    59   19.0   28.8  10.55  .0674   1401    1    100.0   60 
 6/10/26  16:00   30.2   30.9   30.2    50   18.6   0.0   ---   0.00   0.0   ---   30.2   31.4   31.4   953.8  0.00   0.0   0.000   0.493   28.7    57   19.3   30.1  10.22  .0672   1404    1    100.0   60 
 6/10/26  17:00   30.4   30.6   29.7    50   18.8   0.0   ENE   0.00   9.7   ENE   30.4   31.7   31.7   953.8  0.00   0.0   0.000   0.502   29.1    56   19.4   30.6  10.05  .0671   1404    1    100.0   60 
