                  Temp     Hi    Low   Out    Dew  Wind  Wind   Wind    Hi    Hi   Wind   Heat    THW                Rain    Heat    Cool    In     In    In     In     In   In Air  Wind  Wind    ISS   Arc.
  Date    Time     Out   Temp   Temp   Hum    Pt. Speed   Dir    Run Speed   Dir  Chill  Index  Index   Bar    Rain  Rate    D-D     D-D    Temp   Hum    Dew   Heat    EMC Density  Samp   Tx   Recept  Int.
---------------------------------------------------------------------------------------------------------------------------------------------------------------------------------------------------------------
 9/10/26   1:00   15.6   15.6   15.6    92   14.3   0.0   ---   0.00   0.0   ---   15.6   15.8   15.8   955.6  0.00   0.0   0.116   0.000   21.9    63   14.5   21.8  11.52  .0693   1401    1    100.0   60 
 9/10/26   2:00   15.7   15.7   15.6    91   14.2   0.0    SW   0.00   3.2    SW   15.7   15.9   15.9   955.4  0.00   0.0   0.111   0.000   21.7    64   14.6   21.6  11.65  .0693   1404    1    100.0   60 
 9/10/26   3:00   15.6   15.7   15.6    91   14.1   0.0   ---   0.00   0.0   ---   15.6   15.8   15.8   955.2  0.00   0.0   0.116   0.000   21.5    64   14.4   21.4  11.65  .0693   1402    1    100.0   60 
 9/10/26   4:00   15.3   15.6   15.3    92   14.0   0.0    SE   0.00  11.3    SE   15.3   15.5   15.5   954.8  0.00   0.0   0.127   0.000   21.3    64   14.2   21.2  11.65  .0694   1404    1    100.0   60 
 9/10/26   5:00   14.7   15.3   14.7    94   13.8   0.0   ---   0.00   0.0   ---   14.7   14.9   14.9   954.4  0.00   0.0   0.150   0.000   21.2    65   14.3   21.1  11.85  .0694   1404    1    100.0   60 
 9/10/26   6:00   14.8   14.8   14.7    93   13.7   0.0    SW   0.00   8.0    SW   14.8   15.0   15.0   954.9  0.00   0.0   0.148   0.000   20.9    65   14.1   20.9  11.86  .0695   1404    1    100.0   60 
 9/10/26   7:00   14.8   14.8   14.8    94   13.8   0.0   ---   0.00   0.0   ---   14.8   15.0   15.0   955.4  0.00   0.0   0.148   0.000   21.0    65   14.2   20.9  11.85  .0695   1404    1    100.0   60 
 9/10/26   8:00   15.0   15.0   14.8    93   13.9   0.0   ---   0.00   0.0   ---   15.0   15.2   15.2   956.4  0.00   0.0   0.139   0.000   21.1    65   14.2   20.9  11.85  .0695   1402    1    100.0   60 
 9/10/26   9:00   15.2   15.2   15.0    93   14.1   0.0   ---   0.00   0.0   ---   15.2   15.4   15.4   957.0  0.00   0.0   0.130   0.000   21.1    65   14.2   20.9  11.85  .0696   1400    1    100.0   60 
 9/10/26  10:00   15.8   15.8   15.2    90   14.1   0.0   WNW   0.00   3.2   WNW   15.8   15.9   15.9   956.6  0.00   0.0   0.106   0.000   21.2    65   14.4   21.1  11.85  .0695   1398    1    100.0   60 
 9/10/26  11:00   16.7   16.7   15.8    87   14.5   0.0   ---   0.00   0.0   ---   16.7   16.9   16.9   956.6  0.00   0.0   0.069   0.000   21.6    66   15.0   21.7  12.13  .0694   1405    1    100.0   60 
 9/10/26  12:00   17.2   17.2   16.7    84   14.4   0.0   WSW   0.00   1.6   WSW   17.2   17.3   17.3   956.6  0.00   0.0   0.049   0.000   21.6    64   14.5   21.6  11.65  .0694   1403    1    100.0   60 
 9/10/26  13:00   17.6   17.6   17.2    83   14.7   0.0   ---   0.00   0.0   ---   17.6   17.8   17.8   956.6  0.00   0.0   0.030   0.000   21.7    64   14.6   21.7  11.65  .0694   1404    1    100.0   60 
 9/10/26  14:00   17.4   17.8   17.4    85   14.9   0.0   ---   0.00   0.0   ---   17.4   17.7   17.7   956.6  0.00   0.0   0.037   0.000   21.7    64   14.6   21.7  11.65  .0694   1403    1    100.0   60 
 9/10/26  15:00   15.9   17.5   15.8    93   14.8   0.0    SE   0.00   1.6    SE   15.9   16.2   16.2   953.8  0.20   0.0   0.102   0.000   21.8    65   15.0   21.9  11.85  .0691   1402    1    100.0   60 
 9/10/26  16:00   15.4   16.1   15.4    92   14.2   0.0   ---   0.00   0.0   ---   15.4   15.7   15.7   953.8  0.00   0.0   0.120   0.000   21.7    65   14.8   21.7  11.85  .0692   1403    1    100.0   60 
 9/10/26  17:00   15.3   15.9   15.3    88   13.4   0.0   ---   0.00   0.0   ---   15.3   15.4   15.4   953.8  0.00   0.0   0.125   0.000   21.6    64   14.5   21.5  11.65  .0692   1402    1    100.0   60 
 9/10/26  18:00   15.1   15.4   15.1    88   13.1   0.0    SW   0.00   1.6    SW   15.1   15.2   15.2   953.8  0.00   0.0   0.134   0.000   21.2    63   13.9   21.1  11.55  .0693   1403    1    100.0   60 
 9/10/26  19:00   14.7   15.1   14.7    89   12.9   0.0    SW   0.00   1.6    SW   14.7   14.8   14.8   953.8  0.00   0.0   0.150   0.000   20.9    63   13.6   20.8  11.56  .0694   1404    1    100.0   60 
 9/10/26  20:00   14.7   14.8   14.7    89   12.9   0.0   WSW   0.00   3.2   WSW   14.7   14.8   14.8   953.8  0.00   0.0   0.150   0.000   20.8    63   13.5   20.7  11.56  .0695   1405    1    100.0   60 
 9/10/26  21:00   14.7   14.8   14.7    90   13.1   0.0    SW   0.00   1.6    SW   14.7   14.8   14.8   953.8  0.00   0.0   0.150   0.000   20.8    63   13.5   20.7  11.56  .0695   1403    1    100.0   60 
 9/10/26  22:00   14.7   14.8   14.7    88   12.8   0.0   ---   0.00   0.0   ---   14.7   14.8   14.8   953.8  0.00   0.0   0.150   0.000   20.6    63   13.3   20.5  11.57  .0695   1403    1    100.0   60 
 9/10/26  23:00   14.4   14.7   14.4    88   12.5   0.0   SSW   0.00   3.2   SSW   14.4   14.5   14.5   959.6  0.00   0.0   0.162   0.000   20.6    63   13.3   20.5  11.57  .0699   1400    1    100.0   60 
10/10/26  00:00   14.3   14.5   14.3    89   12.5   0.0     S   0.00   3.2     S   14.3   14.3   14.3   959.7  0.00   0.0   0.169   0.000   20.4    63   13.1   20.3  11.58  .0700   1401    1    100.0   60 
10/10/26   1:00   14.1   14.3   14.1    90   12.4   0.0   SSW   0.00   3.2   SSW   14.1   14.1   14.1   959.7  0.00   0.0   0.178   0.000   20.2    63   12.9   20.1  11.58  .0701   1402    1    100.0   60 
